1 2 17 14
2 1 3 19
3 2 4 21
4 3 5 23
5 4 6 25
6 5 7 27
7 6 8 29
8 7 9 31
9 8 10 33
10 9 11 35
11 10 12 37
12 11 13 39
13 12 14 41
14 13 1 15
15 14 16 42
16 15 17 44
17 16 1 18
18 17 19 45
19 18 2 20
20 19 21 46
21 20 3 22
22 21 23 47
23 22 4 24
24 23 25 48
25 24 5 26
26 25 27 40
27 26 6 28
28 27 29 49
29 28 7 30
30 29 31 54
31 30 8 32
32 31 33 53
33 32 9 34
34 33 35 52
35 34 10 36
36 35 37 51
37 36 11 38
38 37 39 50
39 38 12 40
40 39 41 26
41 40 13 42
42 41 15 43
43 42 44 48
44 43 16 45
45 44 18 46
46 45 20 47
47 46 22 48
48 47 24 43
49 28 54 50
50 49 51 38
51 50 52 36
52 51 53 34
53 52 54 32
54 53 49 30
