1, 2
2, 3
3, 4
4, 5
5, 6
6, 7
7, 8
8, 9
9, 10
10, 11
11, 12
12, 13
13, 14
14, 15
15, 16
16, 17
17, 18
18, 19
19, 20
20, 21
21, 22
22, 23
23, 24
24, 25
25, 26
26, 27
27, 28
28, 29
29, 30
30, 31
31, 32
32, 33
33, 34
34, 35
35, 36
36, 37
37, 38
38, 39
39, 40
40, 41
41, 42
42, 43
43, 44
44, 45
45, 46
46, 47
47, 48
48, 49
49, 50
50, 51
51, 52
54, 55
55, 56
56, 57
57, 58
62, 63
63, 64
64, 65
65, 66
68, 69
69, 70
74, 75
75, 76
76, 77
77, 78
80, 81
81, 82
84, 85
85, 86
86, 87
87, 88
90, 91
91, 92
92, 93
93, 94
94, 95
95, 96
98, 99
99, 100
104, 105
110, 111
111, 112
114, 115
115, 116
116, 117
119, 120
120, 121
123, 124
124, 125
125, 126
128, 129
129, 130
132, 133
135, 136
140, 141
143, 144
144, 145
147, 148
152, 153
153, 154
154, 155
155, 156
160, 161
161, 162
164, 165
168, 169
169, 170
170, 171
171, 172
174, 175
175, 176
184, 185
185, 186
186, 187
187, 188
188, 189
189, 190
195, 196
203, 204
204, 205
207, 208
208, 209
209, 210
215, 216
216, 217
220, 221
221, 222
224, 225
230, 231
231, 232
234, 235
242, 243
245, 246
246, 247
247, 248
252, 253
255, 256
258, 259
259, 260
260, 261
272, 273
275, 276
279, 280
285, 286
286, 287
287, 288
288, 289
289, 290
296, 297
299, 300
300, 301
319, 320
322, 323
323, 324
324, 325
328, 329
329, 330
340, 341
341, 342
342, 343
343, 344
344, 345
350, 351
351, 352
360, 361
363, 364
368, 369
369, 370
374, 375
375, 376
376, 377
377, 378
384, 385
390, 391
391, 392
399, 400
405, 406
406, 407
407, 408
429, 430
434, 435
440, 441
441, 442
450, 451
455, 456
459, 460
464, 465
475, 476
480, 481
483, 484
492, 493
493, 494
494, 495
495, 496
506, 507
512, 513
516, 517
517, 518
527, 528
528, 529
532, 533
539, 540
550, 551
551, 552
558, 559
559, 560
560, 561
574, 575
575, 576
588, 589
594, 595
608, 609
611, 612
615, 616
620, 621
624, 625
629, 630
637, 638
644, 645
645, 646
650, 651
665, 666
666, 667
675, 676
696, 697
702, 703
703, 704
704, 705
713, 714
714, 715
725, 726
728, 729
735, 736
740, 741
759, 760
774, 775
779, 780
782, 783
783, 784
798, 799
799, 800
805, 806
816, 817
819, 820
832, 833
836, 837
840, 841
845, 846
846, 847
850, 851
860, 861
867, 868
874, 875
896, 897
899, 900
902, 903
924, 925
930, 931
935, 936
945, 946
960, 961
961, 962
968, 969
986, 987
987, 988
988, 989
989, 990
999, 1000
1000, 1001
1014, 1015
1023, 1024
1024, 1025
1025, 1026
1034, 1035
1035, 1036
1044, 1045
1053, 1054
1080, 1081
1088, 1089
1104, 1105
1127, 1128
1147, 1148
1155, 1156
1160, 1161
1175, 1176
1183, 1184
1188, 1189
1189, 1190
1196, 1197
1209, 1210
1215, 1216
1221, 1222
1224, 1225
1247, 1248
1274, 1275
1275, 1276
1287, 1288
1295, 1296
1311, 1312
1330, 1331
1331, 1332
1332, 1333
1333, 1334
1352, 1353
1363, 1364
1364, 1365
1368, 1369
1375, 1376
1376, 1377
1394, 1395
1425, 1426
1443, 1444
1444, 1445
1449, 1450
1456, 1457
1457, 1458
1462, 1463
1479, 1480
1495, 1496
1504, 1505
1517, 1518
1518, 1519
1519, 1520
1520, 1521
1539, 1540
1547, 1548
1550, 1551
1595, 1596
1598, 1599
1599, 1600
1624, 1625
1664, 1665
1665, 1666
1680, 1681
1681, 1682
1682, 1683
1700, 1701
1701, 1702
1715, 1716
1728, 1729
1739, 1740
1763, 1764
1767, 1768
1785, 1786
1804, 1805
1805, 1806
1848, 1849
1849, 1850
1859, 1860
1862, 1863
1880, 1881
1885, 1886
1886, 1887
1924, 1925
1935, 1936
2000, 2001
2001, 2002
2015, 2016
2023, 2024
2024, 2025
2057, 2058
2079, 2080
2090, 2091
2106, 2107
2107, 2108
2108, 2109
2115, 2116
2145, 2146
2175, 2176
2184, 2185
2204, 2205
2208, 2209
2209, 2210
2232, 2233
2254, 2255
2255, 2256
2261, 2262
2294, 2295
2295, 2296
2299, 2300
2303, 2304
2349, 2350
2365, 2366
2375, 2376
2400, 2401
2430, 2431
2431, 2432
2450, 2451
2464, 2465
2499, 2500
2541, 2542
2552, 2553
2583, 2584
2584, 2585
2600, 2601
2624, 2625
2639, 2640
2645, 2646
2664, 2665
2665, 2666
2736, 2737
2737, 2738
2754, 2755
2783, 2784
2820, 2821
2849, 2850
2870, 2871
2924, 2925
2925, 2926
2944, 2945
2960, 2961
2975, 2976
3024, 3025
3059, 3060
3135, 3136
3145, 3146
3219, 3220
3224, 3225
3248, 3249
3249, 3250
3255, 3256
3267, 3268
3289, 3290
3311, 3312
3366, 3367
3380, 3381
3440, 3441
3450, 3451
3509, 3510
3519, 3520
3525, 3526
3552, 3553
3564, 3565
3625, 3626
3626, 3627
3654, 3655
3689, 3690
3740, 3741
3750, 3751
3772, 3773
3773, 3774
3807, 3808
3875, 3876
3887, 3888
3968, 3969
3995, 3996
3999, 4000
4059, 4060
4095, 4096
4185, 4186
4199, 4200
4224, 4225
4255, 4256
4256, 4257
4263, 4264
4277, 4278
4300, 4301
4370, 4371
4374, 4375
4464, 4465
4465, 4466
4550, 4551
4624, 4625
4640, 4641
4674, 4675
4692, 4693
4760, 4761
4773, 4774
4784, 4785
4900, 4901
4901, 4902
4913, 4914
4920, 4921
4959, 4960
4960, 4961
4991, 4992
5031, 5032
5075, 5076
5082, 5083
5083, 5084
5103, 5104
5202, 5203
5264, 5265
5289, 5290
5290, 5291
5291, 5292
5375, 5376
5439, 5440
5452, 5453
5499, 5500
5576, 5577
5589, 5590
5624, 5625
5642, 5643
5719, 5720
5775, 5776
5780, 5781
5796, 5797
5831, 5832
5887, 5888
5915, 5916
5928, 5929
5984, 5985
6068, 6069
6075, 6076
6137, 6138
6149, 6150
6174, 6175
6250, 6251
6272, 6273
6292, 6293
6324, 6325
6479, 6480
6560, 6561
6578, 6579
6579, 6580
6600, 6601
6655, 6656
6664, 6665
6669, 6670
6720, 6721
6727, 6728
6859, 6860
6929, 6930
6992, 6993
7104, 7105
7105, 7106
7175, 7176
7191, 7192
7215, 7216
7224, 7225
7395, 7396
7424, 7425
7524, 7525
7567, 7568
7568, 7569
7656, 7657
7695, 7696
7749, 7750
7865, 7866
7888, 7889
7904, 7905
7935, 7936
7942, 7943
7955, 7956
8036, 8037
8084, 8085
8091, 8092
8177, 8178
8280, 8281
8463, 8464
8525, 8526
8568, 8569
8624, 8625
8648, 8649
8670, 8671
8694, 8695
8788, 8789
8815, 8816
8835, 8836
8855, 8856
8959, 8960
8990, 8991
9024, 9025
9176, 9177
9250, 9251
9360, 9361
9424, 9425
9471, 9472
9503, 9504
9632, 9633
9728, 9729
9775, 9776
9800, 9801
9801, 9802
9889, 9890
9975, 9976
10044, 10045
10199, 10200
10240, 10241
10373, 10374
10449, 10450
10527, 10528
10556, 10557
10625, 10626
10647, 10648
10659, 10660
10692, 10693
10829, 10830
10878, 10879
10879, 10880
10880, 10881
11136, 11137
11270, 11271
11339, 11340
11374, 11375
11438, 11439
11439, 11440
11609, 11610
11655, 11656
11661, 11662
11780, 11781
11890, 11891
11913, 11914
11934, 11935
12005, 12006
12121, 12122
12167, 12168
12320, 12321
12341, 12342
12375, 12376
12635, 12636
12672, 12673
12690, 12691
13224, 13225
13243, 13244
13299, 13300
13310, 13311
13311, 13312
13376, 13377
13454, 13455
13455, 13456
13689, 13690
13717, 13718
13775, 13776
13888, 13889
13949, 13950
14079, 14080
14104, 14105
14144, 14145
14364, 14365
14399, 14400
14534, 14535
14651, 14652
14663, 14664
14800, 14801
14993, 14994
15092, 15093
15180, 15181
15375, 15376
15456, 15457
15624, 15625
15651, 15652
15872, 15873
15979, 15980
16120, 16121
16168, 16169
16169, 16170
16399, 16400
16523, 16524
16575, 16576
16605, 16606
16640, 16641
16928, 16929
17199, 17200
17204, 17205
17328, 17329
17342, 17343
17390, 17391
17424, 17425
17457, 17458
17500, 17501
17544, 17545
17575, 17576
17576, 17577
17577, 17578
17765, 17766
17835, 17836
17917, 17918
18095, 18096
18240, 18241
18490, 18491
18791, 18792
18941, 18942
19227, 19228
19250, 19251
19343, 19344
19499, 19500
19550, 19551
19551, 19552
19683, 19684
19720, 19721
19844, 19845
19964, 19965
20124, 20125
20349, 20350
20424, 20425
20735, 20736
21141, 21142
21384, 21385
21385, 21386
21504, 21505
21735, 21736
22015, 22016
22099, 22100
22230, 22231
22274, 22275
22385, 22386
22747, 22748
22815, 22816
23000, 23001
23124, 23125
23199, 23200
23275, 23276
23374, 23375
23408, 23409
23715, 23716
23750, 23751
23828, 23829
24024, 24025
24149, 24150
24272, 24273
24299, 24300
24768, 24769
24794, 24795
24863, 24864
25024, 25025
25584, 25585
25839, 25840
25920, 25921
26010, 26011
26649, 26650
26978, 26979
26999, 27000
27047, 27048
27404, 27405
27455, 27456
27675, 27676
27950, 27951
28125, 28126
28560, 28561
28576, 28577
28594, 28595
28749, 28750
28860, 28861
28899, 28900
29232, 29233
29240, 29241
29325, 29326
29375, 29376
29600, 29601
29601, 29602
29791, 29792
29970, 29971
30380, 30381
30624, 30625
30855, 30856
31160, 31161
31212, 31213
31349, 31350
31433, 31434
31464, 31465
31487, 31488
31899, 31900
32759, 32760
32798, 32799
32799, 32800
33263, 33264
33669, 33670
34224, 34225
34595, 34596
34968, 34969
35321, 35322
35343, 35344
35672, 35673
35720, 35721
35815, 35816
36162, 36163
36518, 36519
36800, 36801
37179, 37180
37323, 37324
37925, 37926
37961, 37962
38399, 38400
38570, 38571
38961, 38962
39150, 39151
39215, 39216
40204, 40205
40425, 40426
40959, 40960
41040, 41041
41261, 41262
41327, 41328
41514, 41515
41615, 41616
41624, 41625
41876, 41877
42159, 42160
42483, 42484
42624, 42625
42687, 42688
43263, 43264
43400, 43401
43680, 43681
43757, 43758
43992, 43993
44505, 44506
44649, 44650
44954, 44955
45695, 45696
46207, 46208
46529, 46530
46655, 46656
47124, 47125
47150, 47151
47385, 47386
47600, 47601
47915, 47916
48174, 48175
48503, 48504
48749, 48750
48762, 48763
48840, 48841
49010, 49011
49247, 49248
49725, 49726
50024, 50025
50336, 50337
50430, 50431
50653, 50654
52029, 52030
52325, 52326
52479, 52480
53360, 53361
53504, 53505
53750, 53751
54144, 54145
55055, 55056
56202, 56203
56375, 56376
58310, 58311
58608, 58609
58652, 58653
58695, 58696
58995, 58996
59125, 59126
59643, 59644
60515, 60516
60543, 60544
60605, 60606
61008, 61009
61335, 61336
63426, 63427
63713, 63714
64124, 64125
66176, 66177
66975, 66976
67080, 67081
67424, 67425
67599, 67600
67914, 67915
68782, 68783
69874, 69875
70356, 70357
70499, 70500
70875, 70876
71299, 71300
71484, 71485
71874, 71875
72500, 72501
73185, 73186
73695, 73696
75140, 75141
75809, 75810
75999, 76000
76383, 76384
76544, 76545
76704, 76705
76874, 76875
77314, 77315
77440, 77441
77571, 77572
77615, 77616
78336, 78337
78584, 78585
78624, 78625
80919, 80920
81344, 81345
81548, 81549
81795, 81796
82250, 82251
82368, 82369
82620, 82621
82943, 82944
83520, 83521
83979, 83980
85063, 85064
87464, 87465
88319, 88320
88451, 88452
89375, 89376
89999, 90000
90944, 90945
91839, 91840
91884, 91885
93092, 93093
93499, 93500
94094, 94095
94299, 94300
94423, 94424
96255, 96256
96875, 96876
98735, 98736
98900, 98901
99875, 99876
101269, 101270
102486, 102487
103155, 103156
103935, 103936
104328, 104329
104975, 104976
105984, 105985
106190, 106191
106640, 106641
108053, 108054
108240, 108241
108375, 108376
108779, 108780
108927, 108928
111111, 111112
111320, 111321
111475, 111476
115884, 115885
116280, 116281
116963, 116964
117623, 117624
117648, 117649
117875, 117876
118335, 118336
118580, 118581
120175, 120176
120744, 120745
121770, 121771
122199, 122200
122264, 122265
122451, 122452
123200, 123201
123969, 123970
124032, 124033
125000, 125001
126224, 126225
127280, 127281
129437, 129438
130339, 130340
134848, 134849
134849, 134850
136160, 136161
136850, 136851
140624, 140625
141375, 141376
142128, 142129
142884, 142885
142974, 142975
143374, 143375
143819, 143820
144738, 144739
147015, 147016
151249, 151250
151293, 151294
152684, 152685
152880, 152881
153790, 153791
155584, 155585
156065, 156066
156332, 156333
156519, 156520
158014, 158015
158949, 158950
161727, 161728
161874, 161875
162196, 162197
162239, 162240
163184, 163185
164835, 164836
165375, 165376
165648, 165649
166634, 166635
167648, 167649
168750, 168751
169575, 169576
170624, 170625
170752, 170753
173900, 173901
174096, 174097
174824, 174825
175769, 175770
176000, 176001
176175, 176176
178125, 178126
181202, 181203
184092, 184093
186591, 186592
190463, 190464
192510, 192511
192511, 192512
193843, 193844
194480, 194481
194579, 194580
198911, 198912
201019, 201020
202124, 202125
203319, 203320
203390, 203391
205436, 205437
207575, 207576
208494, 208495
212380, 212381
212381, 212382
212628, 212629
216999, 217000
223040, 223041
227069, 227070
227447, 227448
228095, 228096
228780, 228781
230299, 230300
230911, 230912
235467, 235468
240064, 240065
240499, 240500
240786, 240787
242990, 242991
243048, 243049
244035, 244036
245024, 245025
245916, 245917
247455, 247456
254448, 254449
259160, 259161
260337, 260338
260709, 260710
264384, 264385
267288, 267289
268191, 268192
268800, 268801
270599, 270600
275561, 275562
275807, 275808
278783, 278784
279414, 279415
282624, 282625
284375, 284376
285417, 285418
288144, 288145
293045, 293046
301599, 301600
303600, 303601
312480, 312481
313599, 313600
314432, 314433
319124, 319125
325380, 325381
328509, 328510
330624, 330625
336140, 336141
338624, 338625
341549, 341550
342924, 342925
343914, 343915
344604, 344605
346579, 346580
348725, 348726
356642, 356643
360639, 360640
361415, 361416
369655, 369656
369984, 369985
378879, 378880
385236, 385237
386630, 386631
389499, 389500
390165, 390166
390224, 390225
394009, 394010
395199, 395200
410669, 410670
412090, 412091
416024, 416025
418760, 418761
419120, 419121
422576, 422577
427720, 427721
430559, 430560
431375, 431376
432344, 432345
436449, 436450
443555, 443556
446368, 446369
453375, 453376
453870, 453871
456875, 456876
459172, 459173
459799, 459800
461824, 461825
466088, 466089
466829, 466830
469567, 469568
476748, 476749
478224, 478225
482447, 482448
487577, 487578
488565, 488566
491877, 491878
494208, 494209
495144, 495145
495615, 495616
498575, 498576
501423, 501424
509795, 509796
512000, 512001
512487, 512488
515871, 515872
524799, 524800
527136, 527137
536238, 536239
544824, 544825
558656, 558657
561924, 561925
587264, 587265
589743, 589744
589874, 589875
591260, 591261
601425, 601426
610203, 610204
611610, 611611
613088, 613089
614384, 614385
622080, 622081
633555, 633556
638000, 638001
638400, 638401
640871, 640872
643125, 643126
658502, 658503
660960, 660961
675583, 675584
679041, 679042
688127, 688128
695266, 695267
709136, 709137
709631, 709632
715715, 715716
728364, 728365
769119, 769120
773604, 773605
776580, 776581
777924, 777925
779246, 779247
787175, 787176
790855, 790856
798720, 798721
799799, 799800
812889, 812890
837199, 837200
850135, 850136
863939, 863940
867008, 867009
886445, 886446
887777, 887778
912950, 912951
923520, 923521
925100, 925101
949025, 949026
974168, 974169
976143, 976144
978120, 978121
986271, 986272
999999, 1000000
1011839, 1011840
1031744, 1031745
1048575, 1048576
1050624, 1050625
1055240, 1055241
1071224, 1071225
1082564, 1082565
1104375, 1104376
1143284, 1143285
1147124, 1147125
1152920, 1152921
1154439, 1154440
1163799, 1163800
1187144, 1187145
1205645, 1205646
1212083, 1212084
1213681, 1213682
1217159, 1217160
1228122, 1228123
1233024, 1233025
1235168, 1235169
1241316, 1241317
1243839, 1243840
1255500, 1255501
1269359, 1269360
1273418, 1273419
1294299, 1294300
1294370, 1294371
1302651, 1302652
1319625, 1319626
1324224, 1324225
1331967, 1331968
1341249, 1341250
1344717, 1344718
1359897, 1359898
1362635, 1362636
1370109, 1370110
1402874, 1402875
1413720, 1413721
1437500, 1437501
1459161, 1459162
1462499, 1462500
1510784, 1510785
1518803, 1518804
1536639, 1536640
1594175, 1594176
1600312, 1600313
1608574, 1608575
1625624, 1625625
1634660, 1634661
1643355, 1643356
1652144, 1652145
1708992, 1708993
1729749, 1729750
1739999, 1740000
1763124, 1763125
1771560, 1771561
1774223, 1774224
1776888, 1776889
1818242, 1818243
1820104, 1820105
1852200, 1852201
1860495, 1860496
1893375, 1893376
1922960, 1922961
1946720, 1946721
1951641, 1951642
1973699, 1973700
2001824, 2001825
2023424, 2023425
2055780, 2055781
2067999, 2068000
2076255, 2076256
2085135, 2085136
2122848, 2122849
2162094, 2162095
2185299, 2185300
2220777, 2220778
2267915, 2267916
2276351, 2276352
2285751, 2285752
2304323, 2304324
2307360, 2307361
2310399, 2310400
2345056, 2345057
2350079, 2350080
2351349, 2351350
2397680, 2397681
2404259, 2404260
2417875, 2417876
2547534, 2547535
2556800, 2556801
2560844, 2560845
2592512, 2592513
2598399, 2598400
2613247, 2613248
2697695, 2697696
2758535, 2758536
2766749, 2766750
2772224, 2772225
2812887, 2812888
2825760, 2825761
2829123, 2829124
2893400, 2893401
3063807, 3063808
3102449, 3102450
3107874, 3107875
3156543, 3156544
3162159, 3162160
3206268, 3206269
3258024, 3258025
3301375, 3301376
3331250, 3331251
3346109, 3346110
3418800, 3418801
3453839, 3453840
3520495, 3520496
3556995, 3556996
3681839, 3681840
3685175, 3685176
3699849, 3699850
3742375, 3742376
3757509, 3757510
3832191, 3832192
3864575, 3864576
3894467, 3894468
3897165, 3897166
3912138, 3912139
3930399, 3930400
3995000, 3995001
4004000, 4004001
4090624, 4090625
4096575, 4096576
4243455, 4243456
4439448, 4439449
4443663, 4443664
4492124, 4492125
4526522, 4526523
4588310, 4588311
4688719, 4688720
4712499, 4712500
4731375, 4731376
4765599, 4765600
4812129, 4812130
4860504, 4860505
4879680, 4879681
4987527, 4987528
5085024, 5085025
5142500, 5142501
5267024, 5267025
5319600, 5319601
5538974, 5538975
5541711, 5541712
5909760, 5909761
6159020, 6159021
6292362, 6292363
6362624, 6362625
6458880, 6458881
6615674, 6615675
6677055, 6677056
6702624, 6702625
6770555, 6770556
6978125, 6978126
7102224, 7102225
7104999, 7105000
7153024, 7153025
7240640, 7240641
7255625, 7255626
7331624, 7331625
7474999, 7475000
7491168, 7491169
7728819, 7728820
8070699, 8070700
8268799, 8268800
8319375, 8319376
8555624, 8555625
8577359, 8577360
8889776, 8889777
8912375, 8912376
8934464, 8934465
9170264, 9170265
9174815, 9174816
9217824, 9217825
9222499, 9222500
9345104, 9345105
9458085, 9458086
9611875, 9611876
10000165, 10000166
10088144, 10088145
10491039, 10491040
10556000, 10556001
10575376, 10575377
11156249, 11156250
11690624, 11690625
11859210, 11859211
12323584, 12323585
12890625, 12890626
13147875, 13147876
13466816, 13466817
13745536, 13745537
13994694, 13994695
14080572, 14080573
14235528, 14235529
14330524, 14330525
14574559, 14574560
14753024, 14753025
14786199, 14786200
15039999, 15040000
15054335, 15054336
15709275, 15709276
16092999, 16093000
16190090, 16190091
17229024, 17229025
17657288, 17657289
17903522, 17903523
18085704, 18085705
18113535, 18113536
18366425, 18366426
18703790, 18703791
19826575, 19826576
19936224, 19936225
20422205, 20422206
21386000, 21386001
21844800, 21844801
22653435, 22653436
22708191, 22708192
24019800, 24019801
24334344, 24334345
24601599, 24601600
24822720, 24822721
25836888, 25836889
25872147, 25872148
26044928, 26044929
26862380, 26862381
27005264, 27005265
27550319, 27550320
27984099, 27984100
27994680, 27994681
30138075, 30138076
30323600, 30323601
30533139, 30533140
30944913, 30944914
31904495, 31904496
32517264, 32517265
34028049, 34028050
34686000, 34686001
36315135, 36315136
36695672, 36695673
38526839, 38526840
39540864, 39540865
40750801, 40750802
41808150, 41808151
42788095, 42788096
43075584, 43075585
43283240, 43283241
44321375, 44321376
45759999, 45760000
48140736, 48140737
49667579, 49667580
50481024, 50481025
51009945, 51009946
53206725, 53206726
56319249, 56319250
56744792, 56744793
57274623, 57274624
59181759, 59181760
65875355, 65875356
69512013, 69512014
71843750, 71843751
76271624, 76271625
78125796, 78125797
79384832, 79384833
80061344, 80061345
80314367, 80314368
81538749, 81538750
83480319, 83480320
85459374, 85459375
96059600, 96059601
101273249, 101273250
102263634, 102263635
106846614, 106846615
118352640, 118352641
118374399, 118374400
119094299, 119094300
130850720, 130850721
132663167, 132663168
133919999, 133920000
136835244, 136835245
142416000, 142416001
154466675, 154466676
177182720, 177182721
181037024, 181037025
182827367, 182827368
182857499, 182857500
192469375, 192469376
209644479, 209644480
226987110, 226987111
227613749, 227613750
229856319, 229856320
261436560, 261436561
290642030, 290642031
293635440, 293635441
308915775, 308915776
308950928, 308950929
370256249, 370256250
382241600, 382241601
415704575, 415704576
457318224, 457318225
487530861, 487530862
490145733, 490145734
591130374, 591130375
611969280, 611969281
658831250, 658831251
876219200, 876219201
920577797, 920577798
929166875, 929166876
1018249595, 1018249596
1075774400, 1075774401
1236843399, 1236843400
1611308699, 1611308700
1777331555, 1777331556
3463199999, 3463200000
11214979424, 11214979425
18184252800, 18184252801
18487252224, 18487252225
37060485120, 37060485121
45105689160, 45105689161
63927525375, 63927525376
192459125000, 192459125001
284582707199, 284582707200
421138799639, 421138799640
1109496723125, 1109496723126
